,Unnamed: 0,value,iteration,algorithm,replicate
0,0.0,-2191091774.080605,0,GA,0
1,1.0,-2191091774.080605,1,GA,0
2,2.0,-2191091774.080605,2,GA,0
3,3.0,-2191091774.080605,3,GA,0
4,4.0,-2191091774.080605,4,GA,0
5,5.0,-2191091774.080605,5,GA,0
6,6.0,-2191091774.080605,6,GA,0
7,7.0,-2191091774.080605,7,GA,0
8,8.0,-2191091774.080605,8,GA,0
9,9.0,-2191091774.080605,9,GA,0
10,10.0,-2191091774.080605,10,GA,0
11,11.0,-2691402136.108652,0,GA,1
12,12.0,-2691402136.108652,1,GA,1
13,13.0,-2691402136.108652,2,GA,1
14,14.0,-2691402136.108652,3,GA,1
15,15.0,-2691402136.108652,4,GA,1
16,16.0,-2691402136.108652,5,GA,1
17,17.0,-2691402136.108652,6,GA,1
18,18.0,-2691402136.108652,7,GA,1
19,19.0,-2691402136.108652,8,GA,1
20,20.0,-2691402136.108652,9,GA,1
21,21.0,-2691402136.108652,10,GA,1
22,22.0,-2500513330.7130384,0,GA,2
23,23.0,-2500513330.7130384,1,GA,2
24,24.0,-2500513330.7130384,2,GA,2
25,25.0,-2500513330.7130384,3,GA,2
26,26.0,-2500513330.7130384,4,GA,2
27,27.0,-2500513330.7130384,5,GA,2
28,28.0,-2500513330.7130384,6,GA,2
29,29.0,-2500513330.7130384,7,GA,2
30,30.0,-2500513330.7130384,8,GA,2
31,31.0,-2500513330.7130384,9,GA,2
32,32.0,-2500513330.7130384,10,GA,2
33,33.0,-3244636546.146148,0,GA,3
34,34.0,-3244636546.146148,1,GA,3
35,35.0,-3244636546.146148,2,GA,3
36,36.0,-3244636546.146148,3,GA,3
37,37.0,-3244636546.146148,4,GA,3
38,38.0,-3244636546.146148,5,GA,3
39,39.0,-3244636546.146148,6,GA,3
40,40.0,-3244636546.146148,7,GA,3
41,41.0,-3244636546.146148,8,GA,3
42,42.0,-3244636546.146148,9,GA,3
43,43.0,-3244636546.146148,10,GA,3
44,44.0,-3078172865.0070257,0,GA,4
45,45.0,-3078172865.0070257,1,GA,4
46,46.0,-3078172865.0070257,2,GA,4
47,47.0,-3078172865.0070257,3,GA,4
48,48.0,-3078172865.0070257,4,GA,4
49,49.0,-3078172865.0070257,5,GA,4
50,50.0,-3078172865.0070257,6,GA,4
51,51.0,-3078172865.0070257,7,GA,4
52,52.0,-3078172865.0070257,8,GA,4
53,53.0,-3078172865.0070257,9,GA,4
54,54.0,-3078172865.0070257,10,GA,4
55,55.0,-2510986991.155665,0,GA,5
56,56.0,-2510986991.155665,1,GA,5
57,57.0,-2510986991.155665,2,GA,5
58,58.0,-2510986991.155665,3,GA,5
59,59.0,-2510986991.155665,4,GA,5
60,60.0,-2510986991.155665,5,GA,5
61,61.0,-2510986991.155665,6,GA,5
62,62.0,-2510986991.155665,7,GA,5
63,63.0,-2510986991.155665,8,GA,5
64,64.0,-2510986991.155665,9,GA,5
65,65.0,-2510986991.155665,10,GA,5
66,66.0,-2761384934.7013407,0,GA,6
67,67.0,-2761384934.7013407,1,GA,6
68,68.0,-2761384934.7013407,2,GA,6
69,69.0,-2761384934.7013407,3,GA,6
70,70.0,-2761384934.7013407,4,GA,6
71,71.0,-2761384934.7013407,5,GA,6
72,72.0,-2761384934.7013407,6,GA,6
73,73.0,-2761384934.7013407,7,GA,6
74,74.0,-2761384934.7013407,8,GA,6
75,75.0,-2761384934.7013407,9,GA,6
76,76.0,-2761384934.7013407,10,GA,6
77,77.0,-2149151318.562521,0,GA,7
78,78.0,-2149151318.562521,1,GA,7
79,79.0,-2149151318.562521,2,GA,7
80,80.0,-2149151318.562521,3,GA,7
81,81.0,-2149151318.562521,4,GA,7
82,82.0,-2149151318.562521,5,GA,7
83,83.0,-2149151318.562521,6,GA,7
84,84.0,-2149151318.562521,7,GA,7
85,85.0,-2149151318.562521,8,GA,7
86,86.0,-2149151318.562521,9,GA,7
87,87.0,-2149151318.562521,10,GA,7
88,88.0,-3650033305.641448,0,GA,8
89,89.0,-3650033305.641448,1,GA,8
90,90.0,-3650033305.641448,2,GA,8
91,91.0,-3650033305.641448,3,GA,8
92,92.0,-3650033305.641448,4,GA,8
93,93.0,-3650033305.641448,5,GA,8
94,94.0,-3650033305.641448,6,GA,8
95,95.0,-3650033305.641448,7,GA,8
96,96.0,-3650033305.641448,8,GA,8
97,97.0,-3650033305.641448,9,GA,8
98,98.0,-3650033305.641448,10,GA,8
99,99.0,-1594371649.968428,0,GA,9
100,100.0,-1594371649.968428,1,GA,9
101,101.0,-1594371649.968428,2,GA,9
102,102.0,-1594371649.968428,3,GA,9
103,103.0,-1594371649.968428,4,GA,9
104,104.0,-1594371649.968428,5,GA,9
105,105.0,-1594371649.968428,6,GA,9
106,106.0,-1594371649.968428,7,GA,9
107,107.0,-1594371649.968428,8,GA,9
108,108.0,-1594371649.968428,9,GA,9
109,109.0,-1594371649.968428,10,GA,9
110,110.0,-2191091774.080605,0,DE best1bin,0
111,111.0,-2191091774.080605,1,DE best1bin,0
112,112.0,-2191091774.080605,2,DE best1bin,0
113,113.0,-2191091774.080605,3,DE best1bin,0
114,114.0,-2191091774.080605,4,DE best1bin,0
115,115.0,-2191091774.080605,5,DE best1bin,0
116,116.0,-2191091774.080605,6,DE best1bin,0
117,117.0,-2191091774.080605,7,DE best1bin,0
118,118.0,-2191091774.080605,8,DE best1bin,0
119,119.0,-2191091774.080605,9,DE best1bin,0
120,120.0,-2191091774.080605,10,DE best1bin,0
121,121.0,-2691402136.108652,0,DE best1bin,1
122,122.0,-2691402136.108652,1,DE best1bin,1
123,123.0,-2691402136.108652,2,DE best1bin,1
124,124.0,-2691402136.108652,3,DE best1bin,1
125,125.0,-2691402136.108652,4,DE best1bin,1
126,126.0,-2691402136.108652,5,DE best1bin,1
127,127.0,-2691402136.108652,6,DE best1bin,1
128,128.0,-2691402136.108652,7,DE best1bin,1
129,129.0,-2691402136.108652,8,DE best1bin,1
130,130.0,-2691402136.108652,9,DE best1bin,1
131,131.0,-2691402136.108652,10,DE best1bin,1
132,132.0,-2500513330.7130384,0,DE best1bin,2
133,133.0,-2500513330.7130384,1,DE best1bin,2
134,134.0,-2500513330.7130384,2,DE best1bin,2
135,135.0,-2500513330.7130384,3,DE best1bin,2
136,136.0,-2500513330.7130384,4,DE best1bin,2
137,137.0,-2500513330.7130384,5,DE best1bin,2
138,138.0,-2500513330.7130384,6,DE best1bin,2
139,139.0,-2500513330.7130384,7,DE best1bin,2
140,140.0,-2500513330.7130384,8,DE best1bin,2
141,141.0,-2500513330.7130384,9,DE best1bin,2
142,142.0,-2500513330.7130384,10,DE best1bin,2
143,143.0,-3244636546.146148,0,DE best1bin,3
144,144.0,-3244636546.146148,1,DE best1bin,3
145,145.0,-3244636546.146148,2,DE best1bin,3
146,146.0,-3244636546.146148,3,DE best1bin,3
147,147.0,-3244636546.146148,4,DE best1bin,3
148,148.0,-3244636546.146148,5,DE best1bin,3
149,149.0,-3244636546.146148,6,DE best1bin,3
150,150.0,-3244636546.146148,7,DE best1bin,3
151,151.0,-3244636546.146148,8,DE best1bin,3
152,152.0,-3244636546.146148,9,DE best1bin,3
153,153.0,-3244636546.146148,10,DE best1bin,3
154,154.0,-3078172865.0070257,0,DE best1bin,4
155,155.0,-3078172865.0070257,1,DE best1bin,4
156,156.0,-3078172865.0070257,2,DE best1bin,4
157,157.0,-3078172865.0070257,3,DE best1bin,4
158,158.0,-3078172865.0070257,4,DE best1bin,4
159,159.0,-3078172865.0070257,5,DE best1bin,4
160,160.0,-3078172865.0070257,6,DE best1bin,4
161,161.0,-3078172865.0070257,7,DE best1bin,4
162,162.0,-3078172865.0070257,8,DE best1bin,4
163,163.0,-3078172865.0070257,9,DE best1bin,4
164,164.0,-3078172865.0070257,10,DE best1bin,4
165,165.0,-2510986991.155665,0,DE best1bin,5
166,166.0,-2510986991.155665,1,DE best1bin,5
167,167.0,-2510986991.155665,2,DE best1bin,5
168,168.0,-2510986991.155665,3,DE best1bin,5
169,169.0,-2510986991.155665,4,DE best1bin,5
170,170.0,-2510986991.155665,5,DE best1bin,5
171,171.0,-2510986991.155665,6,DE best1bin,5
172,172.0,-2510986991.155665,7,DE best1bin,5
173,173.0,-2510986991.155665,8,DE best1bin,5
174,174.0,-2510986991.155665,9,DE best1bin,5
175,175.0,-2510986991.155665,10,DE best1bin,5
176,176.0,-2761384934.7013407,0,DE best1bin,6
177,177.0,-2761384934.7013407,1,DE best1bin,6
178,178.0,-2761384934.7013407,2,DE best1bin,6
179,179.0,-2761384934.7013407,3,DE best1bin,6
180,180.0,-2761384934.7013407,4,DE best1bin,6
181,181.0,-2761384934.7013407,5,DE best1bin,6
182,182.0,-2761384934.7013407,6,DE best1bin,6
183,183.0,-2761384934.7013407,7,DE best1bin,6
184,184.0,-2761384934.7013407,8,DE best1bin,6
185,185.0,-2761384934.7013407,9,DE best1bin,6
186,186.0,-2761384934.7013407,10,DE best1bin,6
187,187.0,-2149151318.562521,0,DE best1bin,7
188,188.0,-2149151318.562521,1,DE best1bin,7
189,189.0,-2149151318.562521,2,DE best1bin,7
190,190.0,-2149151318.562521,3,DE best1bin,7
191,191.0,-2149151318.562521,4,DE best1bin,7
192,192.0,-2149151318.562521,5,DE best1bin,7
193,193.0,-2149151318.562521,6,DE best1bin,7
194,194.0,-2149151318.562521,7,DE best1bin,7
195,195.0,-2149151318.562521,8,DE best1bin,7
196,196.0,-2149151318.562521,9,DE best1bin,7
197,197.0,-2149151318.562521,10,DE best1bin,7
198,198.0,-3650033305.641448,0,DE best1bin,8
199,199.0,-3650033305.641448,1,DE best1bin,8
200,200.0,-3650033305.641448,2,DE best1bin,8
201,201.0,-3650033305.641448,3,DE best1bin,8
202,202.0,-3650033305.641448,4,DE best1bin,8
203,203.0,-3650033305.641448,5,DE best1bin,8
204,204.0,-3650033305.641448,6,DE best1bin,8
205,205.0,-3650033305.641448,7,DE best1bin,8
206,206.0,-3650033305.641448,8,DE best1bin,8
207,207.0,-3650033305.641448,9,DE best1bin,8
208,208.0,-3650033305.641448,10,DE best1bin,8
209,209.0,-1594371649.968428,0,DE best1bin,9
210,210.0,-1594371649.968428,1,DE best1bin,9
211,211.0,-1594371649.968428,2,DE best1bin,9
212,212.0,-1594371649.968428,3,DE best1bin,9
213,213.0,-1594371649.968428,4,DE best1bin,9
214,214.0,-1594371649.968428,5,DE best1bin,9
215,215.0,-1594371649.968428,6,DE best1bin,9
216,216.0,-1594371649.968428,7,DE best1bin,9
217,217.0,-1594371649.968428,8,DE best1bin,9
218,218.0,-1594371649.968428,9,DE best1bin,9
219,219.0,-1594371649.968428,10,DE best1bin,9
220,220.0,-2191091774.080605,0,PSO,0
221,221.0,-2191091774.080605,1,PSO,0
222,222.0,-2191091774.080605,2,PSO,0
223,223.0,-2191091774.080605,3,PSO,0
224,224.0,-2191091774.080605,4,PSO,0
225,225.0,-2191091774.080605,5,PSO,0
226,226.0,-2191091774.080605,6,PSO,0
227,227.0,-2191091774.080605,7,PSO,0
228,228.0,-2191091774.080605,8,PSO,0
229,229.0,-2191091774.080605,9,PSO,0
230,230.0,-2191091774.080605,10,PSO,0
231,231.0,-2691402136.108652,0,PSO,1
232,232.0,-2691402136.108652,1,PSO,1
233,233.0,-2691402136.108652,2,PSO,1
234,234.0,-2691402136.108652,3,PSO,1
235,235.0,-2691402136.108652,4,PSO,1
236,236.0,-2691402136.108652,5,PSO,1
237,237.0,-2691402136.108652,6,PSO,1
238,238.0,-2691402136.108652,7,PSO,1
239,239.0,-2691402136.108652,8,PSO,1
240,240.0,-2691402136.108652,9,PSO,1
241,241.0,-2691402136.108652,10,PSO,1
242,242.0,-2500513330.7130384,0,PSO,2
243,243.0,-2500513330.7130384,1,PSO,2
244,244.0,-2500513330.7130384,2,PSO,2
245,245.0,-2500513330.7130384,3,PSO,2
246,246.0,-2500513330.7130384,4,PSO,2
247,247.0,-2500513330.7130384,5,PSO,2
248,248.0,-2500513330.7130384,6,PSO,2
249,249.0,-2500513330.7130384,7,PSO,2
250,250.0,-2500513330.7130384,8,PSO,2
251,251.0,-2500513330.7130384,9,PSO,2
252,252.0,-2500513330.7130384,10,PSO,2
253,253.0,-3244636546.146148,0,PSO,3
254,254.0,-3244636546.146148,1,PSO,3
255,255.0,-3244636546.146148,2,PSO,3
256,256.0,-3244636546.146148,3,PSO,3
257,257.0,-3244636546.146148,4,PSO,3
258,258.0,-3244636546.146148,5,PSO,3
259,259.0,-3244636546.146148,6,PSO,3
260,260.0,-3244636546.146148,7,PSO,3
261,261.0,-3244636546.146148,8,PSO,3
262,262.0,-3244636546.146148,9,PSO,3
263,263.0,-3244636546.146148,10,PSO,3
264,264.0,-3078172865.0070257,0,PSO,4
265,265.0,-3078172865.0070257,1,PSO,4
266,266.0,-3078172865.0070257,2,PSO,4
267,267.0,-3078172865.0070257,3,PSO,4
268,268.0,-3078172865.0070257,4,PSO,4
269,269.0,-3078172865.0070257,5,PSO,4
270,270.0,-3078172865.0070257,6,PSO,4
271,271.0,-3078172865.0070257,7,PSO,4
272,272.0,-3078172865.0070257,8,PSO,4
273,273.0,-3078172865.0070257,9,PSO,4
274,274.0,-3078172865.0070257,10,PSO,4
275,275.0,-2510986991.155665,0,PSO,5
276,276.0,-2510986991.155665,1,PSO,5
277,277.0,-2510986991.155665,2,PSO,5
278,278.0,-2510986991.155665,3,PSO,5
279,279.0,-2510986991.155665,4,PSO,5
280,280.0,-2510986991.155665,5,PSO,5
281,281.0,-2510986991.155665,6,PSO,5
282,282.0,-2510986991.155665,7,PSO,5
283,283.0,-2510986991.155665,8,PSO,5
284,284.0,-2510986991.155665,9,PSO,5
285,285.0,-2510986991.155665,10,PSO,5
286,286.0,-2761384934.7013407,0,PSO,6
287,287.0,-2761384934.7013407,1,PSO,6
288,288.0,-2761384934.7013407,2,PSO,6
289,289.0,-2761384934.7013407,3,PSO,6
290,290.0,-2761384934.7013407,4,PSO,6
291,291.0,-2761384934.7013407,5,PSO,6
292,292.0,-2761384934.7013407,6,PSO,6
293,293.0,-2761384934.7013407,7,PSO,6
294,294.0,-2761384934.7013407,8,PSO,6
295,295.0,-2761384934.7013407,9,PSO,6
296,296.0,-2761384934.7013407,10,PSO,6
297,297.0,-2149151318.562521,0,PSO,7
298,298.0,-2149151318.562521,1,PSO,7
299,299.0,-2149151318.562521,2,PSO,7
300,300.0,-2149151318.562521,3,PSO,7
301,301.0,-2149151318.562521,4,PSO,7
302,302.0,-2149151318.562521,5,PSO,7
303,303.0,-2149151318.562521,6,PSO,7
304,304.0,-2149151318.562521,7,PSO,7
305,305.0,-2149151318.562521,8,PSO,7
306,306.0,-2149151318.562521,9,PSO,7
307,307.0,-2149151318.562521,10,PSO,7
308,308.0,-3650033305.641448,0,PSO,8
309,309.0,-3650033305.641448,1,PSO,8
310,310.0,-3650033305.641448,2,PSO,8
311,311.0,-3650033305.641448,3,PSO,8
312,312.0,-3650033305.641448,4,PSO,8
313,313.0,-3650033305.641448,5,PSO,8
314,314.0,-3650033305.641448,6,PSO,8
315,315.0,-3650033305.641448,7,PSO,8
316,316.0,-3650033305.641448,8,PSO,8
317,317.0,-3650033305.641448,9,PSO,8
318,318.0,-3650033305.641448,10,PSO,8
319,319.0,-1594371649.968428,0,PSO,9
320,320.0,-1594371649.968428,1,PSO,9
321,321.0,-1594371649.968428,2,PSO,9
322,322.0,-1594371649.968428,3,PSO,9
323,323.0,-1594371649.968428,4,PSO,9
324,324.0,-1594371649.968428,5,PSO,9
325,325.0,-1594371649.968428,6,PSO,9
326,326.0,-1594371649.968428,7,PSO,9
327,327.0,-1594371649.968428,8,PSO,9
328,328.0,-1594371649.968428,9,PSO,9
329,329.0,-1594371649.968428,10,PSO,9
330,330.0,-2191091774.080605,0,SBO(2OP)-GA PV,0
331,331.0,-2191091774.080605,1,SBO(2OP)-GA PV,0
332,332.0,-2191091774.080605,2,SBO(2OP)-GA PV,0
333,333.0,-2191091774.080605,3,SBO(2OP)-GA PV,0
334,334.0,-2191091774.080605,4,SBO(2OP)-GA PV,0
335,335.0,-2191091774.080605,5,SBO(2OP)-GA PV,0
336,336.0,-2191091774.080605,6,SBO(2OP)-GA PV,0
337,337.0,-2191091774.080605,7,SBO(2OP)-GA PV,0
338,338.0,-2191091774.080605,8,SBO(2OP)-GA PV,0
339,339.0,-2191091774.080605,9,SBO(2OP)-GA PV,0
340,340.0,-2191091774.080605,10,SBO(2OP)-GA PV,0
341,341.0,-2691402136.108652,0,SBO(2OP)-GA PV,1
342,342.0,-2691402136.108652,1,SBO(2OP)-GA PV,1
343,343.0,-2691402136.108652,2,SBO(2OP)-GA PV,1
344,344.0,-2691402136.108652,3,SBO(2OP)-GA PV,1
345,345.0,-2691402136.108652,4,SBO(2OP)-GA PV,1
346,346.0,-2691402136.108652,5,SBO(2OP)-GA PV,1
347,347.0,-2691402136.108652,6,SBO(2OP)-GA PV,1
348,348.0,-2691402136.108652,7,SBO(2OP)-GA PV,1
349,349.0,-2691402136.108652,8,SBO(2OP)-GA PV,1
350,350.0,-2691402136.108652,9,SBO(2OP)-GA PV,1
351,351.0,-2691402136.108652,10,SBO(2OP)-GA PV,1
352,352.0,-2500513330.7130384,0,SBO(2OP)-GA PV,2
353,353.0,-2500513330.7130384,1,SBO(2OP)-GA PV,2
354,354.0,-2500513330.7130384,2,SBO(2OP)-GA PV,2
355,355.0,-2500513330.7130384,3,SBO(2OP)-GA PV,2
356,356.0,-2500513330.7130384,4,SBO(2OP)-GA PV,2
357,357.0,-2500513330.7130384,5,SBO(2OP)-GA PV,2
358,358.0,-2500513330.7130384,6,SBO(2OP)-GA PV,2
359,359.0,-2500513330.7130384,7,SBO(2OP)-GA PV,2
360,360.0,-2500513330.7130384,8,SBO(2OP)-GA PV,2
361,361.0,-2500513330.7130384,9,SBO(2OP)-GA PV,2
362,362.0,-2500513330.7130384,10,SBO(2OP)-GA PV,2
363,363.0,-3244636546.146148,0,SBO(2OP)-GA PV,3
364,364.0,-3244636546.146148,1,SBO(2OP)-GA PV,3
365,365.0,-3244636546.146148,2,SBO(2OP)-GA PV,3
366,366.0,-3244636546.146148,3,SBO(2OP)-GA PV,3
367,367.0,-3244636546.146148,4,SBO(2OP)-GA PV,3
368,368.0,-3244636546.146148,5,SBO(2OP)-GA PV,3
369,369.0,-3244636546.146148,6,SBO(2OP)-GA PV,3
370,370.0,-3244636546.146148,7,SBO(2OP)-GA PV,3
371,371.0,-3244636546.146148,8,SBO(2OP)-GA PV,3
372,372.0,-3244636546.146148,9,SBO(2OP)-GA PV,3
373,373.0,-3244636546.146148,10,SBO(2OP)-GA PV,3
374,374.0,-3078172865.0070257,0,SBO(2OP)-GA PV,4
375,375.0,-3078172865.0070257,1,SBO(2OP)-GA PV,4
376,376.0,-3078172865.0070257,2,SBO(2OP)-GA PV,4
377,377.0,-3078172865.0070257,3,SBO(2OP)-GA PV,4
378,378.0,-3078172865.0070257,4,SBO(2OP)-GA PV,4
379,379.0,-3078172865.0070257,5,SBO(2OP)-GA PV,4
380,380.0,-3078172865.0070257,6,SBO(2OP)-GA PV,4
381,381.0,-3078172865.0070257,7,SBO(2OP)-GA PV,4
382,382.0,-3078172865.0070257,8,SBO(2OP)-GA PV,4
383,383.0,-3078172865.0070257,9,SBO(2OP)-GA PV,4
384,384.0,-3078172865.0070257,10,SBO(2OP)-GA PV,4
385,385.0,-2510986991.155665,0,SBO(2OP)-GA PV,5
386,386.0,-2510986991.155665,1,SBO(2OP)-GA PV,5
387,387.0,-2510986991.155665,2,SBO(2OP)-GA PV,5
388,388.0,-2510986991.155665,3,SBO(2OP)-GA PV,5
389,389.0,-2510986991.155665,4,SBO(2OP)-GA PV,5
390,390.0,-2510986991.155665,5,SBO(2OP)-GA PV,5
391,391.0,-2510986991.155665,6,SBO(2OP)-GA PV,5
392,392.0,-2510986991.155665,7,SBO(2OP)-GA PV,5
393,393.0,-2510986991.155665,8,SBO(2OP)-GA PV,5
394,394.0,-2510986991.155665,9,SBO(2OP)-GA PV,5
395,395.0,-2510986991.155665,10,SBO(2OP)-GA PV,5
396,396.0,-2761384934.7013407,0,SBO(2OP)-GA PV,6
397,397.0,-2761384934.7013407,1,SBO(2OP)-GA PV,6
398,398.0,-2761384934.7013407,2,SBO(2OP)-GA PV,6
399,399.0,-2761384934.7013407,3,SBO(2OP)-GA PV,6
400,400.0,-2761384934.7013407,4,SBO(2OP)-GA PV,6
401,401.0,-2761384934.7013407,5,SBO(2OP)-GA PV,6
402,402.0,-2761384934.7013407,6,SBO(2OP)-GA PV,6
403,403.0,-2761384934.7013407,7,SBO(2OP)-GA PV,6
404,404.0,-2761384934.7013407,8,SBO(2OP)-GA PV,6
405,405.0,-2761384934.7013407,9,SBO(2OP)-GA PV,6
406,406.0,-2761384934.7013407,10,SBO(2OP)-GA PV,6
407,407.0,-2149151318.562521,0,SBO(2OP)-GA PV,7
408,408.0,-2149151318.562521,1,SBO(2OP)-GA PV,7
409,409.0,-2149151318.562521,2,SBO(2OP)-GA PV,7
410,410.0,-2149151318.562521,3,SBO(2OP)-GA PV,7
411,411.0,-2149151318.562521,4,SBO(2OP)-GA PV,7
412,412.0,-2149151318.562521,5,SBO(2OP)-GA PV,7
413,413.0,-2149151318.562521,6,SBO(2OP)-GA PV,7
414,414.0,-2149151318.562521,7,SBO(2OP)-GA PV,7
415,415.0,-2149151318.562521,8,SBO(2OP)-GA PV,7
416,416.0,-2149151318.562521,9,SBO(2OP)-GA PV,7
417,417.0,-2149151318.562521,10,SBO(2OP)-GA PV,7
418,418.0,-3650033305.641448,0,SBO(2OP)-GA PV,8
419,419.0,-3650033305.641448,1,SBO(2OP)-GA PV,8
420,420.0,-3650033305.641448,2,SBO(2OP)-GA PV,8
421,421.0,-3650033305.641448,3,SBO(2OP)-GA PV,8
422,422.0,-3650033305.641448,4,SBO(2OP)-GA PV,8
423,423.0,-3650033305.641448,5,SBO(2OP)-GA PV,8
424,424.0,-3650033305.641448,6,SBO(2OP)-GA PV,8
425,425.0,-3650033305.641448,7,SBO(2OP)-GA PV,8
426,426.0,-3650033305.641448,8,SBO(2OP)-GA PV,8
427,427.0,-3650033305.641448,9,SBO(2OP)-GA PV,8
428,428.0,-3650033305.641448,10,SBO(2OP)-GA PV,8
429,429.0,-1594371649.968428,0,SBO(2OP)-GA PV,9
430,430.0,-1594371649.968428,1,SBO(2OP)-GA PV,9
431,431.0,-1594371649.968428,2,SBO(2OP)-GA PV,9
432,432.0,-1594371649.968428,3,SBO(2OP)-GA PV,9
433,433.0,-1594371649.968428,4,SBO(2OP)-GA PV,9
434,434.0,-1594371649.968428,5,SBO(2OP)-GA PV,9
435,435.0,-1594371649.968428,6,SBO(2OP)-GA PV,9
436,436.0,-1594371649.968428,7,SBO(2OP)-GA PV,9
437,437.0,-1594371649.968428,8,SBO(2OP)-GA PV,9
438,438.0,-1594371649.968428,9,SBO(2OP)-GA PV,9
439,439.0,-1594371649.968428,10,SBO(2OP)-GA PV,9
440,440.0,-2191091774.080605,0,SBO(KRG)-GA EI,0
441,441.0,-2191091774.080605,1,SBO(KRG)-GA EI,0
442,442.0,-2191091774.080605,2,SBO(KRG)-GA EI,0
443,443.0,-2191091774.080605,3,SBO(KRG)-GA EI,0
444,444.0,-2191091774.080605,4,SBO(KRG)-GA EI,0
445,445.0,-2191091774.080605,5,SBO(KRG)-GA EI,0
446,446.0,-2191091774.080605,6,SBO(KRG)-GA EI,0
447,447.0,-2191091774.080605,7,SBO(KRG)-GA EI,0
448,448.0,-2191091774.080605,8,SBO(KRG)-GA EI,0
449,449.0,-2191091774.080605,9,SBO(KRG)-GA EI,0
450,450.0,-2191091774.080605,10,SBO(KRG)-GA EI,0
451,451.0,-2691402136.108652,0,SBO(KRG)-GA EI,1
452,452.0,-2691402136.108652,1,SBO(KRG)-GA EI,1
453,453.0,-2691402136.108652,2,SBO(KRG)-GA EI,1
454,454.0,-2691402136.108652,3,SBO(KRG)-GA EI,1
455,455.0,-2691402136.108652,4,SBO(KRG)-GA EI,1
456,456.0,-2691402136.108652,5,SBO(KRG)-GA EI,1
457,457.0,-2691402136.108652,6,SBO(KRG)-GA EI,1
458,458.0,-2691402136.108652,7,SBO(KRG)-GA EI,1
459,459.0,-2691402136.108652,8,SBO(KRG)-GA EI,1
460,460.0,-2691402136.108652,9,SBO(KRG)-GA EI,1
461,461.0,-2691402136.108652,10,SBO(KRG)-GA EI,1
462,462.0,-2500513330.7130384,0,SBO(KRG)-GA EI,2
463,463.0,-2500513330.7130384,1,SBO(KRG)-GA EI,2
464,464.0,-2500513330.7130384,2,SBO(KRG)-GA EI,2
465,465.0,-2500513330.7130384,3,SBO(KRG)-GA EI,2
466,466.0,-2500513330.7130384,4,SBO(KRG)-GA EI,2
467,467.0,-2500513330.7130384,5,SBO(KRG)-GA EI,2
468,468.0,-2500513330.7130384,6,SBO(KRG)-GA EI,2
469,469.0,-2500513330.7130384,7,SBO(KRG)-GA EI,2
470,470.0,-2500513330.7130384,8,SBO(KRG)-GA EI,2
471,471.0,-2500513330.7130384,9,SBO(KRG)-GA EI,2
472,472.0,-2500513330.7130384,10,SBO(KRG)-GA EI,2
473,473.0,-3244636546.146148,0,SBO(KRG)-GA EI,3
474,474.0,-3244636546.146148,1,SBO(KRG)-GA EI,3
475,475.0,-3244636546.146148,2,SBO(KRG)-GA EI,3
476,476.0,-3244636546.146148,3,SBO(KRG)-GA EI,3
477,477.0,-3244636546.146148,4,SBO(KRG)-GA EI,3
478,478.0,-3244636546.146148,5,SBO(KRG)-GA EI,3
479,479.0,-3244636546.146148,6,SBO(KRG)-GA EI,3
480,480.0,-3244636546.146148,7,SBO(KRG)-GA EI,3
481,481.0,-3244636546.146148,8,SBO(KRG)-GA EI,3
482,482.0,-3244636546.146148,9,SBO(KRG)-GA EI,3
483,483.0,-3244636546.146148,10,SBO(KRG)-GA EI,3
484,484.0,-3078172865.0070257,0,SBO(KRG)-GA EI,4
485,485.0,-3078172865.0070257,1,SBO(KRG)-GA EI,4
486,486.0,-3078172865.0070257,2,SBO(KRG)-GA EI,4
487,487.0,-3078172865.0070257,3,SBO(KRG)-GA EI,4
488,488.0,-3078172865.0070257,4,SBO(KRG)-GA EI,4
489,489.0,-3078172865.0070257,5,SBO(KRG)-GA EI,4
490,490.0,-3078172865.0070257,6,SBO(KRG)-GA EI,4
491,491.0,-3078172865.0070257,7,SBO(KRG)-GA EI,4
492,492.0,-3078172865.0070257,8,SBO(KRG)-GA EI,4
493,493.0,-3078172865.0070257,9,SBO(KRG)-GA EI,4
494,494.0,-3078172865.0070257,10,SBO(KRG)-GA EI,4
495,495.0,-2510986991.155665,0,SBO(KRG)-GA EI,5
496,496.0,-2510986991.155665,1,SBO(KRG)-GA EI,5
497,497.0,-2510986991.155665,2,SBO(KRG)-GA EI,5
498,498.0,-2510986991.155665,3,SBO(KRG)-GA EI,5
499,499.0,-2510986991.155665,4,SBO(KRG)-GA EI,5
500,500.0,-2510986991.155665,5,SBO(KRG)-GA EI,5
501,501.0,-2510986991.155665,6,SBO(KRG)-GA EI,5
502,502.0,-2510986991.155665,7,SBO(KRG)-GA EI,5
503,503.0,-2510986991.155665,8,SBO(KRG)-GA EI,5
504,504.0,-2510986991.155665,9,SBO(KRG)-GA EI,5
505,505.0,-2510986991.155665,10,SBO(KRG)-GA EI,5
506,506.0,-2761384934.7013407,0,SBO(KRG)-GA EI,6
507,507.0,-2761384934.7013407,1,SBO(KRG)-GA EI,6
508,508.0,-2761384934.7013407,2,SBO(KRG)-GA EI,6
509,509.0,-2761384934.7013407,3,SBO(KRG)-GA EI,6
510,510.0,-2761384934.7013407,4,SBO(KRG)-GA EI,6
511,511.0,-2761384934.7013407,5,SBO(KRG)-GA EI,6
512,512.0,-2761384934.7013407,6,SBO(KRG)-GA EI,6
513,513.0,-2761384934.7013407,7,SBO(KRG)-GA EI,6
514,514.0,-2761384934.7013407,8,SBO(KRG)-GA EI,6
515,515.0,-2761384934.7013407,9,SBO(KRG)-GA EI,6
516,516.0,-2761384934.7013407,10,SBO(KRG)-GA EI,6
517,517.0,-2149151318.562521,0,SBO(KRG)-GA EI,7
518,518.0,-2149151318.562521,1,SBO(KRG)-GA EI,7
519,519.0,-2149151318.562521,2,SBO(KRG)-GA EI,7
520,520.0,-2149151318.562521,3,SBO(KRG)-GA EI,7
521,521.0,-2149151318.562521,4,SBO(KRG)-GA EI,7
522,522.0,-2149151318.562521,5,SBO(KRG)-GA EI,7
523,523.0,-2149151318.562521,6,SBO(KRG)-GA EI,7
524,524.0,-2149151318.562521,7,SBO(KRG)-GA EI,7
525,525.0,-2149151318.562521,8,SBO(KRG)-GA EI,7
526,526.0,-2149151318.562521,9,SBO(KRG)-GA EI,7
527,527.0,-2149151318.562521,10,SBO(KRG)-GA EI,7
528,528.0,-3650033305.641448,0,SBO(KRG)-GA EI,8
529,529.0,-3650033305.641448,1,SBO(KRG)-GA EI,8
530,530.0,-3650033305.641448,2,SBO(KRG)-GA EI,8
531,531.0,-3650033305.641448,3,SBO(KRG)-GA EI,8
532,532.0,-3650033305.641448,4,SBO(KRG)-GA EI,8
533,533.0,-3650033305.641448,5,SBO(KRG)-GA EI,8
534,534.0,-3650033305.641448,6,SBO(KRG)-GA EI,8
535,535.0,-3650033305.641448,7,SBO(KRG)-GA EI,8
536,536.0,-3650033305.641448,8,SBO(KRG)-GA EI,8
537,537.0,-3650033305.641448,9,SBO(KRG)-GA EI,8
538,538.0,-3650033305.641448,10,SBO(KRG)-GA EI,8
539,539.0,-1594371649.968428,0,SBO(KRG)-GA EI,9
540,540.0,-1594371649.968428,1,SBO(KRG)-GA EI,9
541,541.0,-1594371649.968428,2,SBO(KRG)-GA EI,9
542,542.0,-1594371649.968428,3,SBO(KRG)-GA EI,9
543,543.0,-1594371649.968428,4,SBO(KRG)-GA EI,9
544,544.0,-1594371649.968428,5,SBO(KRG)-GA EI,9
545,545.0,-1594371649.968428,6,SBO(KRG)-GA EI,9
546,546.0,-1594371649.968428,7,SBO(KRG)-GA EI,9
547,547.0,-1594371649.968428,8,SBO(KRG)-GA EI,9
548,548.0,-1594371649.968428,9,SBO(KRG)-GA EI,9
549,549.0,-1594371649.968428,10,SBO(KRG)-GA EI,9
550,550.0,-2191091774.080605,0,SBO(MLP)-GA PV,0
551,551.0,-2191091774.080605,1,SBO(MLP)-GA PV,0
552,552.0,-2191091774.080605,2,SBO(MLP)-GA PV,0
553,553.0,-2191091774.080605,3,SBO(MLP)-GA PV,0
554,554.0,-2191091774.080605,4,SBO(MLP)-GA PV,0
555,555.0,-2191091774.080605,5,SBO(MLP)-GA PV,0
556,556.0,-2191091774.080605,6,SBO(MLP)-GA PV,0
557,557.0,-2191091774.080605,7,SBO(MLP)-GA PV,0
558,558.0,-2191091774.080605,8,SBO(MLP)-GA PV,0
559,559.0,-2191091774.080605,9,SBO(MLP)-GA PV,0
560,560.0,-2191091774.080605,10,SBO(MLP)-GA PV,0
561,561.0,-2691402136.108652,0,SBO(MLP)-GA PV,1
562,562.0,-2691402136.108652,1,SBO(MLP)-GA PV,1
563,563.0,-2691402136.108652,2,SBO(MLP)-GA PV,1
564,564.0,-2691402136.108652,3,SBO(MLP)-GA PV,1
565,565.0,-2691402136.108652,4,SBO(MLP)-GA PV,1
566,566.0,-2691402136.108652,5,SBO(MLP)-GA PV,1
567,567.0,-2691402136.108652,6,SBO(MLP)-GA PV,1
568,568.0,-2691402136.108652,7,SBO(MLP)-GA PV,1
569,569.0,-2691402136.108652,8,SBO(MLP)-GA PV,1
570,570.0,-2691402136.108652,9,SBO(MLP)-GA PV,1
571,571.0,-2691402136.108652,10,SBO(MLP)-GA PV,1
572,572.0,-2500513330.7130384,0,SBO(MLP)-GA PV,2
573,573.0,-2500513330.7130384,1,SBO(MLP)-GA PV,2
574,574.0,-2500513330.7130384,2,SBO(MLP)-GA PV,2
575,575.0,-2500513330.7130384,3,SBO(MLP)-GA PV,2
576,576.0,-2500513330.7130384,4,SBO(MLP)-GA PV,2
577,577.0,-2500513330.7130384,5,SBO(MLP)-GA PV,2
578,578.0,-2500513330.7130384,6,SBO(MLP)-GA PV,2
579,579.0,-2500513330.7130384,7,SBO(MLP)-GA PV,2
580,580.0,-2500513330.7130384,8,SBO(MLP)-GA PV,2
581,581.0,-2500513330.7130384,9,SBO(MLP)-GA PV,2
582,582.0,-2500513330.7130384,10,SBO(MLP)-GA PV,2
583,583.0,-3244636546.146148,0,SBO(MLP)-GA PV,3
584,584.0,-3244636546.146148,1,SBO(MLP)-GA PV,3
585,585.0,-3244636546.146148,2,SBO(MLP)-GA PV,3
586,586.0,-3244636546.146148,3,SBO(MLP)-GA PV,3
587,587.0,-3244636546.146148,4,SBO(MLP)-GA PV,3
588,588.0,-3244636546.146148,5,SBO(MLP)-GA PV,3
589,589.0,-3244636546.146148,6,SBO(MLP)-GA PV,3
590,590.0,-3244636546.146148,7,SBO(MLP)-GA PV,3
591,591.0,-3244636546.146148,8,SBO(MLP)-GA PV,3
592,592.0,-3244636546.146148,9,SBO(MLP)-GA PV,3
593,593.0,-3244636546.146148,10,SBO(MLP)-GA PV,3
594,594.0,-3078172865.0070257,0,SBO(MLP)-GA PV,4
595,595.0,-3078172865.0070257,1,SBO(MLP)-GA PV,4
596,596.0,-3078172865.0070257,2,SBO(MLP)-GA PV,4
597,597.0,-3078172865.0070257,3,SBO(MLP)-GA PV,4
598,598.0,-3078172865.0070257,4,SBO(MLP)-GA PV,4
599,599.0,-3078172865.0070257,5,SBO(MLP)-GA PV,4
600,600.0,-3078172865.0070257,6,SBO(MLP)-GA PV,4
601,601.0,-3078172865.0070257,7,SBO(MLP)-GA PV,4
602,602.0,-3078172865.0070257,8,SBO(MLP)-GA PV,4
603,603.0,-3078172865.0070257,9,SBO(MLP)-GA PV,4
604,604.0,-3078172865.0070257,10,SBO(MLP)-GA PV,4
605,605.0,-2510986991.155665,0,SBO(MLP)-GA PV,5
606,606.0,-2510986991.155665,1,SBO(MLP)-GA PV,5
607,607.0,-2510986991.155665,2,SBO(MLP)-GA PV,5
608,608.0,-2510986991.155665,3,SBO(MLP)-GA PV,5
609,609.0,-2510986991.155665,4,SBO(MLP)-GA PV,5
610,610.0,-2510986991.155665,5,SBO(MLP)-GA PV,5
611,611.0,-2510986991.155665,6,SBO(MLP)-GA PV,5
612,612.0,-2510986991.155665,7,SBO(MLP)-GA PV,5
613,613.0,-2510986991.155665,8,SBO(MLP)-GA PV,5
614,614.0,-2510986991.155665,9,SBO(MLP)-GA PV,5
615,615.0,-2510986991.155665,10,SBO(MLP)-GA PV,5
616,616.0,-2761384934.7013407,0,SBO(MLP)-GA PV,6
617,617.0,-2761384934.7013407,1,SBO(MLP)-GA PV,6
618,618.0,-2761384934.7013407,2,SBO(MLP)-GA PV,6
619,619.0,-2761384934.7013407,3,SBO(MLP)-GA PV,6
620,620.0,-2761384934.7013407,4,SBO(MLP)-GA PV,6
621,621.0,-2761384934.7013407,5,SBO(MLP)-GA PV,6
622,622.0,-2761384934.7013407,6,SBO(MLP)-GA PV,6
623,623.0,-2761384934.7013407,7,SBO(MLP)-GA PV,6
624,624.0,-2761384934.7013407,8,SBO(MLP)-GA PV,6
625,625.0,-2761384934.7013407,9,SBO(MLP)-GA PV,6
626,626.0,-2761384934.7013407,10,SBO(MLP)-GA PV,6
627,627.0,-2149151318.562521,0,SBO(MLP)-GA PV,7
628,628.0,-2149151318.562521,1,SBO(MLP)-GA PV,7
629,629.0,-2149151318.562521,2,SBO(MLP)-GA PV,7
630,630.0,-2149151318.562521,3,SBO(MLP)-GA PV,7
631,631.0,-2149151318.562521,4,SBO(MLP)-GA PV,7
632,632.0,-2149151318.562521,5,SBO(MLP)-GA PV,7
633,633.0,-2149151318.562521,6,SBO(MLP)-GA PV,7
634,634.0,-2149151318.562521,7,SBO(MLP)-GA PV,7
635,635.0,-2149151318.562521,8,SBO(MLP)-GA PV,7
636,636.0,-2149151318.562521,9,SBO(MLP)-GA PV,7
637,637.0,-2149151318.562521,10,SBO(MLP)-GA PV,7
638,638.0,-3650033305.641448,0,SBO(MLP)-GA PV,8
639,639.0,-3650033305.641448,1,SBO(MLP)-GA PV,8
640,640.0,-3650033305.641448,2,SBO(MLP)-GA PV,8
641,641.0,-3650033305.641448,3,SBO(MLP)-GA PV,8
642,642.0,-3650033305.641448,4,SBO(MLP)-GA PV,8
643,643.0,-3650033305.641448,5,SBO(MLP)-GA PV,8
644,644.0,-3650033305.641448,6,SBO(MLP)-GA PV,8
645,645.0,-3650033305.641448,7,SBO(MLP)-GA PV,8
646,646.0,-3650033305.641448,8,SBO(MLP)-GA PV,8
647,647.0,-3650033305.641448,9,SBO(MLP)-GA PV,8
648,648.0,-3650033305.641448,10,SBO(MLP)-GA PV,8
649,649.0,-1594371649.968428,0,SBO(MLP)-GA PV,9
650,650.0,-1594371649.968428,1,SBO(MLP)-GA PV,9
651,651.0,-1594371649.968428,2,SBO(MLP)-GA PV,9
652,652.0,-1594371649.968428,3,SBO(MLP)-GA PV,9
653,653.0,-1594371649.968428,4,SBO(MLP)-GA PV,9
654,654.0,-1594371649.968428,5,SBO(MLP)-GA PV,9
655,655.0,-1594371649.968428,6,SBO(MLP)-GA PV,9
656,656.0,-1594371649.968428,7,SBO(MLP)-GA PV,9
657,657.0,-1594371649.968428,8,SBO(MLP)-GA PV,9
658,658.0,-1594371649.968428,9,SBO(MLP)-GA PV,9
659,659.0,-1594371649.968428,10,SBO(MLP)-GA PV,9
660,660.0,-2191091774.080605,0,SBO(KRG)-GA PV,0
661,661.0,-2191091774.080605,1,SBO(KRG)-GA PV,0
662,662.0,-2191091774.080605,2,SBO(KRG)-GA PV,0
663,663.0,-2191091774.080605,3,SBO(KRG)-GA PV,0
664,664.0,-2191091774.080605,4,SBO(KRG)-GA PV,0
665,665.0,-2191091774.080605,5,SBO(KRG)-GA PV,0
666,666.0,-2191091774.080605,6,SBO(KRG)-GA PV,0
667,667.0,-2191091774.080605,7,SBO(KRG)-GA PV,0
668,668.0,-2191091774.080605,8,SBO(KRG)-GA PV,0
669,669.0,-2191091774.080605,9,SBO(KRG)-GA PV,0
670,670.0,-2191091774.080605,10,SBO(KRG)-GA PV,0
671,671.0,-2691402136.108652,0,SBO(KRG)-GA PV,1
672,672.0,-2691402136.108652,1,SBO(KRG)-GA PV,1
673,673.0,-2691402136.108652,2,SBO(KRG)-GA PV,1
674,674.0,-2691402136.108652,3,SBO(KRG)-GA PV,1
675,675.0,-2691402136.108652,4,SBO(KRG)-GA PV,1
676,676.0,-2691402136.108652,5,SBO(KRG)-GA PV,1
677,677.0,-2691402136.108652,6,SBO(KRG)-GA PV,1
678,678.0,-2691402136.108652,7,SBO(KRG)-GA PV,1
679,679.0,-2691402136.108652,8,SBO(KRG)-GA PV,1
680,680.0,-2691402136.108652,9,SBO(KRG)-GA PV,1
681,681.0,-2691402136.108652,10,SBO(KRG)-GA PV,1
682,682.0,-2500513330.7130384,0,SBO(KRG)-GA PV,2
683,683.0,-2500513330.7130384,1,SBO(KRG)-GA PV,2
684,684.0,-2500513330.7130384,2,SBO(KRG)-GA PV,2
685,685.0,-2500513330.7130384,3,SBO(KRG)-GA PV,2
686,686.0,-2500513330.7130384,4,SBO(KRG)-GA PV,2
687,687.0,-2500513330.7130384,5,SBO(KRG)-GA PV,2
688,688.0,-2500513330.7130384,6,SBO(KRG)-GA PV,2
689,689.0,-2500513330.7130384,7,SBO(KRG)-GA PV,2
690,690.0,-2500513330.7130384,8,SBO(KRG)-GA PV,2
691,691.0,-2500513330.7130384,9,SBO(KRG)-GA PV,2
692,692.0,-2500513330.7130384,10,SBO(KRG)-GA PV,2
693,693.0,-3244636546.146148,0,SBO(KRG)-GA PV,3
694,694.0,-3244636546.146148,1,SBO(KRG)-GA PV,3
695,695.0,-3244636546.146148,2,SBO(KRG)-GA PV,3
696,696.0,-3244636546.146148,3,SBO(KRG)-GA PV,3
697,697.0,-3244636546.146148,4,SBO(KRG)-GA PV,3
698,698.0,-3244636546.146148,5,SBO(KRG)-GA PV,3
699,699.0,-3244636546.146148,6,SBO(KRG)-GA PV,3
700,700.0,-3244636546.146148,7,SBO(KRG)-GA PV,3
701,701.0,-3244636546.146148,8,SBO(KRG)-GA PV,3
702,702.0,-3244636546.146148,9,SBO(KRG)-GA PV,3
703,703.0,-3244636546.146148,10,SBO(KRG)-GA PV,3
704,704.0,-3078172865.0070257,0,SBO(KRG)-GA PV,4
705,705.0,-3078172865.0070257,1,SBO(KRG)-GA PV,4
706,706.0,-3078172865.0070257,2,SBO(KRG)-GA PV,4
707,707.0,-3078172865.0070257,3,SBO(KRG)-GA PV,4
708,708.0,-3078172865.0070257,4,SBO(KRG)-GA PV,4
709,709.0,-3078172865.0070257,5,SBO(KRG)-GA PV,4
710,710.0,-3078172865.0070257,6,SBO(KRG)-GA PV,4
711,711.0,-3078172865.0070257,7,SBO(KRG)-GA PV,4
712,712.0,-3078172865.0070257,8,SBO(KRG)-GA PV,4
713,713.0,-3078172865.0070257,9,SBO(KRG)-GA PV,4
714,714.0,-3078172865.0070257,10,SBO(KRG)-GA PV,4
715,715.0,-2510986991.155665,0,SBO(KRG)-GA PV,5
716,716.0,-2510986991.155665,1,SBO(KRG)-GA PV,5
717,717.0,-2510986991.155665,2,SBO(KRG)-GA PV,5
718,718.0,-2510986991.155665,3,SBO(KRG)-GA PV,5
719,719.0,-2510986991.155665,4,SBO(KRG)-GA PV,5
720,720.0,-2510986991.155665,5,SBO(KRG)-GA PV,5
721,721.0,-2510986991.155665,6,SBO(KRG)-GA PV,5
722,722.0,-2510986991.155665,7,SBO(KRG)-GA PV,5
723,723.0,-2510986991.155665,8,SBO(KRG)-GA PV,5
724,724.0,-2510986991.155665,9,SBO(KRG)-GA PV,5
725,725.0,-2510986991.155665,10,SBO(KRG)-GA PV,5
726,726.0,-2761384934.7013407,0,SBO(KRG)-GA PV,6
727,727.0,-2761384934.7013407,1,SBO(KRG)-GA PV,6
728,728.0,-2761384934.7013407,2,SBO(KRG)-GA PV,6
729,729.0,-2761384934.7013407,3,SBO(KRG)-GA PV,6
730,730.0,-2761384934.7013407,4,SBO(KRG)-GA PV,6
731,731.0,-2761384934.7013407,5,SBO(KRG)-GA PV,6
732,732.0,-2761384934.7013407,6,SBO(KRG)-GA PV,6
733,733.0,-2761384934.7013407,7,SBO(KRG)-GA PV,6
734,734.0,-2761384934.7013407,8,SBO(KRG)-GA PV,6
735,735.0,-2761384934.7013407,9,SBO(KRG)-GA PV,6
736,736.0,-2761384934.7013407,10,SBO(KRG)-GA PV,6
737,737.0,-2149151318.562521,0,SBO(KRG)-GA PV,7
738,738.0,-2149151318.562521,1,SBO(KRG)-GA PV,7
739,739.0,-2149151318.562521,2,SBO(KRG)-GA PV,7
740,740.0,-2149151318.562521,3,SBO(KRG)-GA PV,7
741,741.0,-2149151318.562521,4,SBO(KRG)-GA PV,7
742,742.0,-2149151318.562521,5,SBO(KRG)-GA PV,7
743,743.0,-2149151318.562521,6,SBO(KRG)-GA PV,7
744,744.0,-2149151318.562521,7,SBO(KRG)-GA PV,7
745,745.0,-2149151318.562521,8,SBO(KRG)-GA PV,7
746,746.0,-2149151318.562521,9,SBO(KRG)-GA PV,7
747,747.0,-2149151318.562521,10,SBO(KRG)-GA PV,7
748,748.0,-3650033305.641448,0,SBO(KRG)-GA PV,8
749,749.0,-3650033305.641448,1,SBO(KRG)-GA PV,8
750,750.0,-3650033305.641448,2,SBO(KRG)-GA PV,8
751,751.0,-3650033305.641448,3,SBO(KRG)-GA PV,8
752,752.0,-3650033305.641448,4,SBO(KRG)-GA PV,8
753,753.0,-3650033305.641448,5,SBO(KRG)-GA PV,8
754,754.0,-3650033305.641448,6,SBO(KRG)-GA PV,8
755,755.0,-3650033305.641448,7,SBO(KRG)-GA PV,8
756,756.0,-3650033305.641448,8,SBO(KRG)-GA PV,8
757,757.0,-3650033305.641448,9,SBO(KRG)-GA PV,8
758,758.0,-3650033305.641448,10,SBO(KRG)-GA PV,8
759,759.0,-1594371649.968428,0,SBO(KRG)-GA PV,9
760,760.0,-1594371649.968428,1,SBO(KRG)-GA PV,9
761,761.0,-1594371649.968428,2,SBO(KRG)-GA PV,9
762,762.0,-1594371649.968428,3,SBO(KRG)-GA PV,9
763,763.0,-1594371649.968428,4,SBO(KRG)-GA PV,9
764,764.0,-1594371649.968428,5,SBO(KRG)-GA PV,9
765,765.0,-1594371649.968428,6,SBO(KRG)-GA PV,9
766,766.0,-1594371649.968428,7,SBO(KRG)-GA PV,9
767,767.0,-1594371649.968428,8,SBO(KRG)-GA PV,9
768,768.0,-1594371649.968428,9,SBO(KRG)-GA PV,9
769,769.0,-1594371649.968428,10,SBO(KRG)-GA PV,9
770,770.0,-2191091774.080605,0,SBO(SVR)-GA PV,0
771,771.0,-2191091774.080605,1,SBO(SVR)-GA PV,0
772,772.0,-2191091774.080605,2,SBO(SVR)-GA PV,0
773,773.0,-2191091774.080605,3,SBO(SVR)-GA PV,0
774,774.0,-2191091774.080605,4,SBO(SVR)-GA PV,0
775,775.0,-2191091774.080605,5,SBO(SVR)-GA PV,0
776,776.0,-2191091774.080605,6,SBO(SVR)-GA PV,0
777,777.0,-2191091774.080605,7,SBO(SVR)-GA PV,0
778,778.0,-2191091774.080605,8,SBO(SVR)-GA PV,0
779,779.0,-2191091774.080605,9,SBO(SVR)-GA PV,0
780,780.0,-2191091774.080605,10,SBO(SVR)-GA PV,0
781,781.0,-2691402136.108652,0,SBO(SVR)-GA PV,1
782,782.0,-2691402136.108652,1,SBO(SVR)-GA PV,1
783,783.0,-2691402136.108652,2,SBO(SVR)-GA PV,1
784,784.0,-2691402136.108652,3,SBO(SVR)-GA PV,1
785,785.0,-2691402136.108652,4,SBO(SVR)-GA PV,1
786,786.0,-2691402136.108652,5,SBO(SVR)-GA PV,1
787,787.0,-2691402136.108652,6,SBO(SVR)-GA PV,1
788,788.0,-2691402136.108652,7,SBO(SVR)-GA PV,1
789,789.0,-2691402136.108652,8,SBO(SVR)-GA PV,1
790,790.0,-2691402136.108652,9,SBO(SVR)-GA PV,1
791,791.0,-2691402136.108652,10,SBO(SVR)-GA PV,1
792,792.0,-2500513330.7130384,0,SBO(SVR)-GA PV,2
793,793.0,-2500513330.7130384,1,SBO(SVR)-GA PV,2
794,794.0,-2500513330.7130384,2,SBO(SVR)-GA PV,2
795,795.0,-2500513330.7130384,3,SBO(SVR)-GA PV,2
796,796.0,-2500513330.7130384,4,SBO(SVR)-GA PV,2
797,797.0,-2500513330.7130384,5,SBO(SVR)-GA PV,2
798,798.0,-2500513330.7130384,6,SBO(SVR)-GA PV,2
799,799.0,-2500513330.7130384,7,SBO(SVR)-GA PV,2
800,800.0,-2500513330.7130384,8,SBO(SVR)-GA PV,2
801,801.0,-2500513330.7130384,9,SBO(SVR)-GA PV,2
802,802.0,-2500513330.7130384,10,SBO(SVR)-GA PV,2
803,803.0,-3244636546.146148,0,SBO(SVR)-GA PV,3
804,804.0,-3244636546.146148,1,SBO(SVR)-GA PV,3
805,805.0,-3244636546.146148,2,SBO(SVR)-GA PV,3
806,806.0,-3244636546.146148,3,SBO(SVR)-GA PV,3
807,807.0,-3244636546.146148,4,SBO(SVR)-GA PV,3
808,808.0,-3244636546.146148,5,SBO(SVR)-GA PV,3
809,809.0,-3244636546.146148,6,SBO(SVR)-GA PV,3
810,810.0,-3244636546.146148,7,SBO(SVR)-GA PV,3
811,811.0,-3244636546.146148,8,SBO(SVR)-GA PV,3
812,812.0,-3244636546.146148,9,SBO(SVR)-GA PV,3
813,813.0,-3244636546.146148,10,SBO(SVR)-GA PV,3
814,814.0,-3078172865.0070257,0,SBO(SVR)-GA PV,4
815,815.0,-3078172865.0070257,1,SBO(SVR)-GA PV,4
816,816.0,-3078172865.0070257,2,SBO(SVR)-GA PV,4
817,817.0,-3078172865.0070257,3,SBO(SVR)-GA PV,4
818,818.0,-3078172865.0070257,4,SBO(SVR)-GA PV,4
819,819.0,-3078172865.0070257,5,SBO(SVR)-GA PV,4
820,820.0,-3078172865.0070257,6,SBO(SVR)-GA PV,4
821,821.0,-3078172865.0070257,7,SBO(SVR)-GA PV,4
822,822.0,-3078172865.0070257,8,SBO(SVR)-GA PV,4
823,823.0,-3078172865.0070257,9,SBO(SVR)-GA PV,4
824,824.0,-3078172865.0070257,10,SBO(SVR)-GA PV,4
825,825.0,-2510986991.155665,0,SBO(SVR)-GA PV,5
826,826.0,-2510986991.155665,1,SBO(SVR)-GA PV,5
827,827.0,-2510986991.155665,2,SBO(SVR)-GA PV,5
828,828.0,-2510986991.155665,3,SBO(SVR)-GA PV,5
829,829.0,-2510986991.155665,4,SBO(SVR)-GA PV,5
830,830.0,-2510986991.155665,5,SBO(SVR)-GA PV,5
831,831.0,-2510986991.155665,6,SBO(SVR)-GA PV,5
832,832.0,-2510986991.155665,7,SBO(SVR)-GA PV,5
833,833.0,-2510986991.155665,8,SBO(SVR)-GA PV,5
834,834.0,-2510986991.155665,9,SBO(SVR)-GA PV,5
835,835.0,-2510986991.155665,10,SBO(SVR)-GA PV,5
836,836.0,-2761384934.7013407,0,SBO(SVR)-GA PV,6
837,837.0,-2761384934.7013407,1,SBO(SVR)-GA PV,6
838,838.0,-2761384934.7013407,2,SBO(SVR)-GA PV,6
839,839.0,-2761384934.7013407,3,SBO(SVR)-GA PV,6
840,840.0,-2761384934.7013407,4,SBO(SVR)-GA PV,6
841,841.0,-2761384934.7013407,5,SBO(SVR)-GA PV,6
842,842.0,-2761384934.7013407,6,SBO(SVR)-GA PV,6
843,843.0,-2761384934.7013407,7,SBO(SVR)-GA PV,6
844,844.0,-2761384934.7013407,8,SBO(SVR)-GA PV,6
845,845.0,-2761384934.7013407,9,SBO(SVR)-GA PV,6
846,846.0,-2761384934.7013407,10,SBO(SVR)-GA PV,6
847,847.0,-2149151318.562521,0,SBO(SVR)-GA PV,7
848,848.0,-2149151318.562521,1,SBO(SVR)-GA PV,7
849,849.0,-2149151318.562521,2,SBO(SVR)-GA PV,7
850,850.0,-2149151318.562521,3,SBO(SVR)-GA PV,7
851,851.0,-2149151318.562521,4,SBO(SVR)-GA PV,7
852,852.0,-2149151318.562521,5,SBO(SVR)-GA PV,7
853,853.0,-2149151318.562521,6,SBO(SVR)-GA PV,7
854,854.0,-2149151318.562521,7,SBO(SVR)-GA PV,7
855,855.0,-2149151318.562521,8,SBO(SVR)-GA PV,7
856,856.0,-2149151318.562521,9,SBO(SVR)-GA PV,7
857,857.0,-2149151318.562521,10,SBO(SVR)-GA PV,7
858,858.0,-3650033305.641448,0,SBO(SVR)-GA PV,8
859,859.0,-3650033305.641448,1,SBO(SVR)-GA PV,8
860,860.0,-3650033305.641448,2,SBO(SVR)-GA PV,8
861,861.0,-3650033305.641448,3,SBO(SVR)-GA PV,8
862,862.0,-3650033305.641448,4,SBO(SVR)-GA PV,8
863,863.0,-3650033305.641448,5,SBO(SVR)-GA PV,8
864,864.0,-3650033305.641448,6,SBO(SVR)-GA PV,8
865,865.0,-3650033305.641448,7,SBO(SVR)-GA PV,8
866,866.0,-3650033305.641448,8,SBO(SVR)-GA PV,8
867,867.0,-3650033305.641448,9,SBO(SVR)-GA PV,8
868,868.0,-3650033305.641448,10,SBO(SVR)-GA PV,8
869,869.0,-1594371649.968428,0,SBO(SVR)-GA PV,9
870,870.0,-1594371649.968428,1,SBO(SVR)-GA PV,9
871,871.0,-1594371649.968428,2,SBO(SVR)-GA PV,9
872,872.0,-1594371649.968428,3,SBO(SVR)-GA PV,9
873,873.0,-1594371649.968428,4,SBO(SVR)-GA PV,9
874,874.0,-1594371649.968428,5,SBO(SVR)-GA PV,9
875,875.0,-1594371649.968428,6,SBO(SVR)-GA PV,9
876,876.0,-1594371649.968428,7,SBO(SVR)-GA PV,9
877,877.0,-1594371649.968428,8,SBO(SVR)-GA PV,9
878,878.0,-1594371649.968428,9,SBO(SVR)-GA PV,9
879,879.0,-1594371649.968428,10,SBO(SVR)-GA PV,9
0,,-2053950315.4869075,0,SBO(KRG)-truncGA-PV,0
1,,-2053950315.4869075,1,SBO(KRG)-truncGA-PV,0
2,,-2053950315.4869075,2,SBO(KRG)-truncGA-PV,0
3,,-2053950315.4869075,3,SBO(KRG)-truncGA-PV,0
4,,-2053950315.4869075,4,SBO(KRG)-truncGA-PV,0
5,,-2053950315.4869075,5,SBO(KRG)-truncGA-PV,0
6,,-2053950315.4869075,6,SBO(KRG)-truncGA-PV,0
7,,-2053950315.4869075,7,SBO(KRG)-truncGA-PV,0
8,,-2053950315.4869075,8,SBO(KRG)-truncGA-PV,0
9,,-2053950315.4869075,9,SBO(KRG)-truncGA-PV,0
10,,-2053950315.4869075,10,SBO(KRG)-truncGA-PV,0
11,,-1999864805.761842,0,SBO(KRG)-truncGA-PV,1
12,,-1999864805.761842,1,SBO(KRG)-truncGA-PV,1
13,,-1999864805.761842,2,SBO(KRG)-truncGA-PV,1
14,,-1999864805.761842,3,SBO(KRG)-truncGA-PV,1
15,,-1999864805.761842,4,SBO(KRG)-truncGA-PV,1
16,,-1999864805.761842,5,SBO(KRG)-truncGA-PV,1
17,,-1999864805.761842,6,SBO(KRG)-truncGA-PV,1
18,,-1999864805.761842,7,SBO(KRG)-truncGA-PV,1
19,,-1999864805.761842,8,SBO(KRG)-truncGA-PV,1
20,,-1999864805.761842,9,SBO(KRG)-truncGA-PV,1
21,,-1999864805.761842,10,SBO(KRG)-truncGA-PV,1
22,,-2387454176.278427,0,SBO(KRG)-truncGA-PV,2
23,,-2387454176.278427,1,SBO(KRG)-truncGA-PV,2
24,,-2387454176.278427,2,SBO(KRG)-truncGA-PV,2
25,,-2387454176.278427,3,SBO(KRG)-truncGA-PV,2
26,,-2387454176.278427,4,SBO(KRG)-truncGA-PV,2
27,,-2387454176.278427,5,SBO(KRG)-truncGA-PV,2
28,,-2387454176.278427,6,SBO(KRG)-truncGA-PV,2
29,,-2387454176.278427,7,SBO(KRG)-truncGA-PV,2
30,,-2387454176.278427,8,SBO(KRG)-truncGA-PV,2
31,,-2387454176.278427,9,SBO(KRG)-truncGA-PV,2
32,,-2387454176.278427,10,SBO(KRG)-truncGA-PV,2
33,,-2226735557.920232,0,SBO(KRG)-truncGA-PV,3
34,,-2226735557.920232,1,SBO(KRG)-truncGA-PV,3
35,,-2226735557.920232,2,SBO(KRG)-truncGA-PV,3
36,,-2226735557.920232,3,SBO(KRG)-truncGA-PV,3
37,,-2226735557.920232,4,SBO(KRG)-truncGA-PV,3
38,,-2226735557.920232,5,SBO(KRG)-truncGA-PV,3
39,,-2226735557.920232,6,SBO(KRG)-truncGA-PV,3
40,,-2226735557.920232,7,SBO(KRG)-truncGA-PV,3
41,,-2226735557.920232,8,SBO(KRG)-truncGA-PV,3
42,,-2226735557.920232,9,SBO(KRG)-truncGA-PV,3
43,,-2226735557.920232,10,SBO(KRG)-truncGA-PV,3
44,,-2804136576.3126354,0,SBO(KRG)-truncGA-PV,4
45,,-2804136576.3126354,1,SBO(KRG)-truncGA-PV,4
46,,-2804136576.3126354,2,SBO(KRG)-truncGA-PV,4
47,,-2804136576.3126354,3,SBO(KRG)-truncGA-PV,4
48,,-2804136576.3126354,4,SBO(KRG)-truncGA-PV,4
49,,-2804136576.3126354,5,SBO(KRG)-truncGA-PV,4
50,,-2804136576.3126354,6,SBO(KRG)-truncGA-PV,4
51,,-2804136576.3126354,7,SBO(KRG)-truncGA-PV,4
52,,-2804136576.3126354,8,SBO(KRG)-truncGA-PV,4
53,,-2804136576.3126354,9,SBO(KRG)-truncGA-PV,4
54,,-2804136576.3126354,10,SBO(KRG)-truncGA-PV,4
55,,-1936712821.588614,0,SBO(KRG)-truncGA-PV,5
56,,-1936712821.588614,1,SBO(KRG)-truncGA-PV,5
57,,-1936712821.588614,2,SBO(KRG)-truncGA-PV,5
58,,-1936712821.588614,3,SBO(KRG)-truncGA-PV,5
59,,-1936712821.588614,4,SBO(KRG)-truncGA-PV,5
60,,-1936712821.588614,5,SBO(KRG)-truncGA-PV,5
61,,-1936712821.588614,6,SBO(KRG)-truncGA-PV,5
62,,-1936712821.588614,7,SBO(KRG)-truncGA-PV,5
63,,-1936712821.588614,8,SBO(KRG)-truncGA-PV,5
64,,-1936712821.588614,9,SBO(KRG)-truncGA-PV,5
65,,-1936712821.588614,10,SBO(KRG)-truncGA-PV,5
66,,-2254295425.053419,0,SBO(KRG)-truncGA-PV,6
67,,-2254295425.053419,1,SBO(KRG)-truncGA-PV,6
68,,-2254295425.053419,2,SBO(KRG)-truncGA-PV,6
69,,-2254295425.053419,3,SBO(KRG)-truncGA-PV,6
70,,-2254295425.053419,4,SBO(KRG)-truncGA-PV,6
71,,-2254295425.053419,5,SBO(KRG)-truncGA-PV,6
72,,-2254295425.053419,6,SBO(KRG)-truncGA-PV,6
73,,-2254295425.053419,7,SBO(KRG)-truncGA-PV,6
74,,-2254295425.053419,8,SBO(KRG)-truncGA-PV,6
75,,-2254295425.053419,9,SBO(KRG)-truncGA-PV,6
76,,-2254295425.053419,10,SBO(KRG)-truncGA-PV,6
77,,-3262962141.776597,0,SBO(KRG)-truncGA-PV,7
78,,-3262962141.776597,1,SBO(KRG)-truncGA-PV,7
79,,-3262962141.776597,2,SBO(KRG)-truncGA-PV,7
80,,-3262962141.776597,3,SBO(KRG)-truncGA-PV,7
81,,-3262962141.776597,4,SBO(KRG)-truncGA-PV,7
82,,-3262962141.776597,5,SBO(KRG)-truncGA-PV,7
83,,-3262962141.776597,6,SBO(KRG)-truncGA-PV,7
84,,-3262962141.776597,7,SBO(KRG)-truncGA-PV,7
85,,-3262962141.776597,8,SBO(KRG)-truncGA-PV,7
86,,-3262962141.776597,9,SBO(KRG)-truncGA-PV,7
87,,-3262962141.776597,10,SBO(KRG)-truncGA-PV,7
88,,-2492779604.3215666,0,SBO(KRG)-truncGA-PV,8
89,,-2492779604.3215666,1,SBO(KRG)-truncGA-PV,8
90,,-2492779604.3215666,2,SBO(KRG)-truncGA-PV,8
91,,-2492779604.3215666,3,SBO(KRG)-truncGA-PV,8
92,,-2492779604.3215666,4,SBO(KRG)-truncGA-PV,8
93,,-2492779604.3215666,5,SBO(KRG)-truncGA-PV,8
94,,-2492779604.3215666,6,SBO(KRG)-truncGA-PV,8
95,,-2492779604.3215666,7,SBO(KRG)-truncGA-PV,8
96,,-2492779604.3215666,8,SBO(KRG)-truncGA-PV,8
97,,-2492779604.3215666,9,SBO(KRG)-truncGA-PV,8
98,,-2492779604.3215666,10,SBO(KRG)-truncGA-PV,8
99,,-2518243662.3751283,0,SBO(KRG)-truncGA-PV,9
100,,-2518243662.3751283,1,SBO(KRG)-truncGA-PV,9
101,,-2518243662.3751283,2,SBO(KRG)-truncGA-PV,9
102,,-2518243662.3751283,3,SBO(KRG)-truncGA-PV,9
103,,-2518243662.3751283,4,SBO(KRG)-truncGA-PV,9
104,,-2518243662.3751283,5,SBO(KRG)-truncGA-PV,9
105,,-2518243662.3751283,6,SBO(KRG)-truncGA-PV,9
106,,-2518243662.3751283,7,SBO(KRG)-truncGA-PV,9
107,,-2518243662.3751283,8,SBO(KRG)-truncGA-PV,9
108,,-2518243662.3751283,9,SBO(KRG)-truncGA-PV,9
109,,-2518243662.3751283,10,SBO(KRG)-truncGA-PV,9
0,0.0,-2292626156.8426223,0,SBO(KRG)-truncDE-PV,0
1,1.0,-2292626156.8426223,1,SBO(KRG)-truncDE-PV,0
2,2.0,-2292626156.8426223,2,SBO(KRG)-truncDE-PV,0
3,3.0,-2292626156.8426223,3,SBO(KRG)-truncDE-PV,0
4,4.0,-2292626156.8426223,4,SBO(KRG)-truncDE-PV,0
5,5.0,-2292626156.8426223,5,SBO(KRG)-truncDE-PV,0
6,6.0,-2292626156.8426223,6,SBO(KRG)-truncDE-PV,0
7,7.0,-2292626156.8426223,7,SBO(KRG)-truncDE-PV,0
8,8.0,-2292626156.8426223,8,SBO(KRG)-truncDE-PV,0
9,9.0,-2292626156.8426223,9,SBO(KRG)-truncDE-PV,0
10,10.0,-2292626156.8426223,10,SBO(KRG)-truncDE-PV,0
11,11.0,-1680490920.0379426,0,SBO(KRG)-truncDE-PV,1
12,12.0,-1680490920.0379426,1,SBO(KRG)-truncDE-PV,1
13,13.0,-1680490920.0379426,2,SBO(KRG)-truncDE-PV,1
14,14.0,-1680490920.0379426,3,SBO(KRG)-truncDE-PV,1
15,15.0,-1680490920.0379426,4,SBO(KRG)-truncDE-PV,1
16,16.0,-1680490920.0379426,5,SBO(KRG)-truncDE-PV,1
17,17.0,-1680490920.0379426,6,SBO(KRG)-truncDE-PV,1
18,18.0,-1680490920.0379426,7,SBO(KRG)-truncDE-PV,1
19,19.0,-1680490920.0379426,8,SBO(KRG)-truncDE-PV,1
20,20.0,-1680490920.0379426,9,SBO(KRG)-truncDE-PV,1
21,21.0,-1680490920.0379426,10,SBO(KRG)-truncDE-PV,1
22,22.0,-1867849671.8034,0,SBO(KRG)-truncDE-PV,2
23,23.0,-1867849671.8034,1,SBO(KRG)-truncDE-PV,2
24,24.0,-1867849671.8034,2,SBO(KRG)-truncDE-PV,2
25,25.0,-1867849671.8034,3,SBO(KRG)-truncDE-PV,2
26,26.0,-1867849671.8034,4,SBO(KRG)-truncDE-PV,2
27,27.0,-1867849671.8034,5,SBO(KRG)-truncDE-PV,2
28,28.0,-1867849671.8034,6,SBO(KRG)-truncDE-PV,2
29,29.0,-1867849671.8034,7,SBO(KRG)-truncDE-PV,2
30,30.0,-1867849671.8034,8,SBO(KRG)-truncDE-PV,2
31,31.0,-1867849671.8034,9,SBO(KRG)-truncDE-PV,2
32,32.0,-1867849671.8034,10,SBO(KRG)-truncDE-PV,2
33,33.0,-3203750974.9606767,0,SBO(KRG)-truncDE-PV,3
34,34.0,-3203750974.9606767,1,SBO(KRG)-truncDE-PV,3
35,35.0,-3203750974.9606767,2,SBO(KRG)-truncDE-PV,3
36,36.0,-3203750974.9606767,3,SBO(KRG)-truncDE-PV,3
37,37.0,-3203750974.9606767,4,SBO(KRG)-truncDE-PV,3
38,38.0,-3203750974.9606767,5,SBO(KRG)-truncDE-PV,3
39,39.0,-3203750974.9606767,6,SBO(KRG)-truncDE-PV,3
40,40.0,-3203750974.9606767,7,SBO(KRG)-truncDE-PV,3
41,41.0,-3203750974.9606767,8,SBO(KRG)-truncDE-PV,3
42,42.0,-3203750974.9606767,9,SBO(KRG)-truncDE-PV,3
43,43.0,-3203750974.9606767,10,SBO(KRG)-truncDE-PV,3
44,44.0,-1862893471.1350307,0,SBO(KRG)-truncDE-PV,4
45,45.0,-1862893471.1350307,1,SBO(KRG)-truncDE-PV,4
46,46.0,-1862893471.1350307,2,SBO(KRG)-truncDE-PV,4
47,47.0,-1862893471.1350307,3,SBO(KRG)-truncDE-PV,4
48,48.0,-1862893471.1350307,4,SBO(KRG)-truncDE-PV,4
49,49.0,-1862893471.1350307,5,SBO(KRG)-truncDE-PV,4
50,50.0,-1862893471.1350307,6,SBO(KRG)-truncDE-PV,4
51,51.0,-1862893471.1350307,7,SBO(KRG)-truncDE-PV,4
52,52.0,-1862893471.1350307,8,SBO(KRG)-truncDE-PV,4
53,53.0,-1862893471.1350307,9,SBO(KRG)-truncDE-PV,4
54,54.0,-1862893471.1350307,10,SBO(KRG)-truncDE-PV,4
55,55.0,-3209358223.4125943,0,SBO(KRG)-truncDE-PV,5
56,56.0,-3209358223.4125943,1,SBO(KRG)-truncDE-PV,5
57,57.0,-3209358223.4125943,2,SBO(KRG)-truncDE-PV,5
58,58.0,-3209358223.4125943,3,SBO(KRG)-truncDE-PV,5
59,59.0,-3209358223.4125943,4,SBO(KRG)-truncDE-PV,5
60,60.0,-3209358223.4125943,5,SBO(KRG)-truncDE-PV,5
61,61.0,-3209358223.4125943,6,SBO(KRG)-truncDE-PV,5
62,62.0,-3209358223.4125943,7,SBO(KRG)-truncDE-PV,5
63,63.0,-3209358223.4125943,8,SBO(KRG)-truncDE-PV,5
64,64.0,-3209358223.4125943,9,SBO(KRG)-truncDE-PV,5
65,65.0,-3209358223.4125943,10,SBO(KRG)-truncDE-PV,5
66,66.0,-1734674320.278777,0,SBO(KRG)-truncDE-PV,6
67,67.0,-1734674320.278777,1,SBO(KRG)-truncDE-PV,6
68,68.0,-1734674320.278777,2,SBO(KRG)-truncDE-PV,6
69,69.0,-1734674320.278777,3,SBO(KRG)-truncDE-PV,6
70,70.0,-1734674320.278777,4,SBO(KRG)-truncDE-PV,6
71,71.0,-1734674320.278777,5,SBO(KRG)-truncDE-PV,6
72,72.0,-1734674320.278777,6,SBO(KRG)-truncDE-PV,6
73,73.0,-1734674320.278777,7,SBO(KRG)-truncDE-PV,6
74,74.0,-1734674320.278777,8,SBO(KRG)-truncDE-PV,6
75,75.0,-1734674320.278777,9,SBO(KRG)-truncDE-PV,6
76,76.0,-1734674320.278777,10,SBO(KRG)-truncDE-PV,6
77,77.0,-2528188644.331783,0,SBO(KRG)-truncDE-PV,7
78,78.0,-2528188644.331783,1,SBO(KRG)-truncDE-PV,7
79,79.0,-2528188644.331783,2,SBO(KRG)-truncDE-PV,7
80,80.0,-2528188644.331783,3,SBO(KRG)-truncDE-PV,7
81,81.0,-2528188644.331783,4,SBO(KRG)-truncDE-PV,7
82,82.0,-2528188644.331783,5,SBO(KRG)-truncDE-PV,7
83,83.0,-2528188644.331783,6,SBO(KRG)-truncDE-PV,7
84,84.0,-2528188644.331783,7,SBO(KRG)-truncDE-PV,7
85,85.0,-2528188644.331783,8,SBO(KRG)-truncDE-PV,7
86,86.0,-2528188644.331783,9,SBO(KRG)-truncDE-PV,7
87,87.0,-2528188644.331783,10,SBO(KRG)-truncDE-PV,7
88,88.0,-2273829720.1946964,0,SBO(KRG)-truncDE-PV,8
89,89.0,-2273829720.1946964,1,SBO(KRG)-truncDE-PV,8
90,90.0,-2273829720.1946964,2,SBO(KRG)-truncDE-PV,8
91,91.0,-2273829720.1946964,3,SBO(KRG)-truncDE-PV,8
92,92.0,-2273829720.1946964,4,SBO(KRG)-truncDE-PV,8
93,93.0,-2273829720.1946964,5,SBO(KRG)-truncDE-PV,8
94,94.0,-2273829720.1946964,6,SBO(KRG)-truncDE-PV,8
95,95.0,-2273829720.1946964,7,SBO(KRG)-truncDE-PV,8
96,96.0,-2273829720.1946964,8,SBO(KRG)-truncDE-PV,8
97,97.0,-2273829720.1946964,9,SBO(KRG)-truncDE-PV,8
98,98.0,-2273829720.1946964,10,SBO(KRG)-truncDE-PV,8
99,99.0,-2232532106.3276763,0,SBO(KRG)-truncDE-PV,9
100,100.0,-2232532106.3276763,1,SBO(KRG)-truncDE-PV,9
101,101.0,-2232532106.3276763,2,SBO(KRG)-truncDE-PV,9
102,102.0,-2232532106.3276763,3,SBO(KRG)-truncDE-PV,9
103,103.0,-2232532106.3276763,4,SBO(KRG)-truncDE-PV,9
104,104.0,-2232532106.3276763,5,SBO(KRG)-truncDE-PV,9
105,105.0,-2232532106.3276763,6,SBO(KRG)-truncDE-PV,9
106,106.0,-2232532106.3276763,7,SBO(KRG)-truncDE-PV,9
107,107.0,-2232532106.3276763,8,SBO(KRG)-truncDE-PV,9
108,108.0,-2232532106.3276763,9,SBO(KRG)-truncDE-PV,9
109,109.0,-2232532106.3276763,10,SBO(KRG)-truncDE-PV,9
110,110.0,-2292626156.8426223,0,SBO(KRG)-L-BFGS-B-PV,0
111,111.0,-2292626156.8426223,1,SBO(KRG)-L-BFGS-B-PV,0
112,112.0,-2292626156.8426223,2,SBO(KRG)-L-BFGS-B-PV,0
113,113.0,-2292626156.8426223,3,SBO(KRG)-L-BFGS-B-PV,0
114,114.0,-2292626156.8426223,4,SBO(KRG)-L-BFGS-B-PV,0
115,115.0,-2292626156.8426223,5,SBO(KRG)-L-BFGS-B-PV,0
116,116.0,-2292626156.8426223,6,SBO(KRG)-L-BFGS-B-PV,0
117,117.0,-2292626156.8426223,7,SBO(KRG)-L-BFGS-B-PV,0
118,118.0,-2292626156.8426223,8,SBO(KRG)-L-BFGS-B-PV,0
119,119.0,-2292626156.8426223,9,SBO(KRG)-L-BFGS-B-PV,0
120,120.0,-2292626156.8426223,10,SBO(KRG)-L-BFGS-B-PV,0
121,121.0,-1680490920.0379426,0,SBO(KRG)-L-BFGS-B-PV,1
122,122.0,-1680490920.0379426,1,SBO(KRG)-L-BFGS-B-PV,1
123,123.0,-1680490920.0379426,2,SBO(KRG)-L-BFGS-B-PV,1
124,124.0,-1680490920.0379426,3,SBO(KRG)-L-BFGS-B-PV,1
125,125.0,-1680490920.0379426,4,SBO(KRG)-L-BFGS-B-PV,1
126,126.0,-1680490920.0379426,5,SBO(KRG)-L-BFGS-B-PV,1
127,127.0,-1680490920.0379426,6,SBO(KRG)-L-BFGS-B-PV,1
128,128.0,-1680490920.0379426,7,SBO(KRG)-L-BFGS-B-PV,1
129,129.0,-1680490920.0379426,8,SBO(KRG)-L-BFGS-B-PV,1
130,130.0,-1680490920.0379426,9,SBO(KRG)-L-BFGS-B-PV,1
131,131.0,-1680490920.0379426,10,SBO(KRG)-L-BFGS-B-PV,1
132,132.0,-1867849671.8034,0,SBO(KRG)-L-BFGS-B-PV,2
133,133.0,-1867849671.8034,1,SBO(KRG)-L-BFGS-B-PV,2
134,134.0,-1867849671.8034,2,SBO(KRG)-L-BFGS-B-PV,2
135,135.0,-1867849671.8034,3,SBO(KRG)-L-BFGS-B-PV,2
136,136.0,-1867849671.8034,4,SBO(KRG)-L-BFGS-B-PV,2
137,137.0,-1867849671.8034,5,SBO(KRG)-L-BFGS-B-PV,2
138,138.0,-1867849671.8034,6,SBO(KRG)-L-BFGS-B-PV,2
139,139.0,-1867849671.8034,7,SBO(KRG)-L-BFGS-B-PV,2
140,140.0,-1867849671.8034,8,SBO(KRG)-L-BFGS-B-PV,2
141,141.0,-1867849671.8034,9,SBO(KRG)-L-BFGS-B-PV,2
142,142.0,-1867849671.8034,10,SBO(KRG)-L-BFGS-B-PV,2
143,143.0,-3203750974.9606767,0,SBO(KRG)-L-BFGS-B-PV,3
144,144.0,-3203750974.9606767,1,SBO(KRG)-L-BFGS-B-PV,3
145,145.0,-3203750974.9606767,2,SBO(KRG)-L-BFGS-B-PV,3
146,146.0,-3203750974.9606767,3,SBO(KRG)-L-BFGS-B-PV,3
147,147.0,-3203750974.9606767,4,SBO(KRG)-L-BFGS-B-PV,3
148,148.0,-3203750974.9606767,5,SBO(KRG)-L-BFGS-B-PV,3
149,149.0,-3203750974.9606767,6,SBO(KRG)-L-BFGS-B-PV,3
150,150.0,-3203750974.9606767,7,SBO(KRG)-L-BFGS-B-PV,3
151,151.0,-3203750974.9606767,8,SBO(KRG)-L-BFGS-B-PV,3
152,152.0,-3203750974.9606767,9,SBO(KRG)-L-BFGS-B-PV,3
153,153.0,-3203750974.9606767,10,SBO(KRG)-L-BFGS-B-PV,3
154,154.0,-1862893471.1350307,0,SBO(KRG)-L-BFGS-B-PV,4
155,155.0,-1862893471.1350307,1,SBO(KRG)-L-BFGS-B-PV,4
156,156.0,-1862893471.1350307,2,SBO(KRG)-L-BFGS-B-PV,4
157,157.0,-1862893471.1350307,3,SBO(KRG)-L-BFGS-B-PV,4
158,158.0,-1862893471.1350307,4,SBO(KRG)-L-BFGS-B-PV,4
159,159.0,-1862893471.1350307,5,SBO(KRG)-L-BFGS-B-PV,4
160,160.0,-1862893471.1350307,6,SBO(KRG)-L-BFGS-B-PV,4
161,161.0,-1862893471.1350307,7,SBO(KRG)-L-BFGS-B-PV,4
162,162.0,-1862893471.1350307,8,SBO(KRG)-L-BFGS-B-PV,4
163,163.0,-1862893471.1350307,9,SBO(KRG)-L-BFGS-B-PV,4
164,164.0,-1862893471.1350307,10,SBO(KRG)-L-BFGS-B-PV,4
165,165.0,-3209358223.4125943,0,SBO(KRG)-L-BFGS-B-PV,5
166,166.0,-3209358223.4125943,1,SBO(KRG)-L-BFGS-B-PV,5
167,167.0,-3209358223.4125943,2,SBO(KRG)-L-BFGS-B-PV,5
168,168.0,-3209358223.4125943,3,SBO(KRG)-L-BFGS-B-PV,5
169,169.0,-3209358223.4125943,4,SBO(KRG)-L-BFGS-B-PV,5
170,170.0,-3209358223.4125943,5,SBO(KRG)-L-BFGS-B-PV,5
171,171.0,-3209358223.4125943,6,SBO(KRG)-L-BFGS-B-PV,5
172,172.0,-3209358223.4125943,7,SBO(KRG)-L-BFGS-B-PV,5
173,173.0,-3209358223.4125943,8,SBO(KRG)-L-BFGS-B-PV,5
174,174.0,-3209358223.4125943,9,SBO(KRG)-L-BFGS-B-PV,5
175,175.0,-3209358223.4125943,10,SBO(KRG)-L-BFGS-B-PV,5
176,176.0,-1734674320.278777,0,SBO(KRG)-L-BFGS-B-PV,6
177,177.0,-1734674320.278777,1,SBO(KRG)-L-BFGS-B-PV,6
178,178.0,-1734674320.278777,2,SBO(KRG)-L-BFGS-B-PV,6
179,179.0,-1734674320.278777,3,SBO(KRG)-L-BFGS-B-PV,6
180,180.0,-1734674320.278777,4,SBO(KRG)-L-BFGS-B-PV,6
181,181.0,-1734674320.278777,5,SBO(KRG)-L-BFGS-B-PV,6
182,182.0,-1734674320.278777,6,SBO(KRG)-L-BFGS-B-PV,6
183,183.0,-1734674320.278777,7,SBO(KRG)-L-BFGS-B-PV,6
184,184.0,-1734674320.278777,8,SBO(KRG)-L-BFGS-B-PV,6
185,185.0,-1734674320.278777,9,SBO(KRG)-L-BFGS-B-PV,6
186,186.0,-1734674320.278777,10,SBO(KRG)-L-BFGS-B-PV,6
187,187.0,-2528188644.331783,0,SBO(KRG)-L-BFGS-B-PV,7
188,188.0,-2528188644.331783,1,SBO(KRG)-L-BFGS-B-PV,7
189,189.0,-2528188644.331783,2,SBO(KRG)-L-BFGS-B-PV,7
190,190.0,-2528188644.331783,3,SBO(KRG)-L-BFGS-B-PV,7
191,191.0,-2528188644.331783,4,SBO(KRG)-L-BFGS-B-PV,7
192,192.0,-2528188644.331783,5,SBO(KRG)-L-BFGS-B-PV,7
193,193.0,-2528188644.331783,6,SBO(KRG)-L-BFGS-B-PV,7
194,194.0,-2528188644.331783,7,SBO(KRG)-L-BFGS-B-PV,7
195,195.0,-2528188644.331783,8,SBO(KRG)-L-BFGS-B-PV,7
196,196.0,-2528188644.331783,9,SBO(KRG)-L-BFGS-B-PV,7
197,197.0,-2528188644.331783,10,SBO(KRG)-L-BFGS-B-PV,7
198,198.0,-2273829720.1946964,0,SBO(KRG)-L-BFGS-B-PV,8
199,199.0,-2273829720.1946964,1,SBO(KRG)-L-BFGS-B-PV,8
200,200.0,-2273829720.1946964,2,SBO(KRG)-L-BFGS-B-PV,8
201,201.0,-2273829720.1946964,3,SBO(KRG)-L-BFGS-B-PV,8
202,202.0,-2273829720.1946964,4,SBO(KRG)-L-BFGS-B-PV,8
203,203.0,-2273829720.1946964,5,SBO(KRG)-L-BFGS-B-PV,8
204,204.0,-2273829720.1946964,6,SBO(KRG)-L-BFGS-B-PV,8
205,205.0,-2273829720.1946964,7,SBO(KRG)-L-BFGS-B-PV,8
206,206.0,-2273829720.1946964,8,SBO(KRG)-L-BFGS-B-PV,8
207,207.0,-2273829720.1946964,9,SBO(KRG)-L-BFGS-B-PV,8
208,208.0,-2273829720.1946964,10,SBO(KRG)-L-BFGS-B-PV,8
209,209.0,-2232532106.3276763,0,SBO(KRG)-L-BFGS-B-PV,9
210,210.0,-2232532106.3276763,1,SBO(KRG)-L-BFGS-B-PV,9
211,211.0,-2232532106.3276763,2,SBO(KRG)-L-BFGS-B-PV,9
212,212.0,-2232532106.3276763,3,SBO(KRG)-L-BFGS-B-PV,9
213,213.0,-2232532106.3276763,4,SBO(KRG)-L-BFGS-B-PV,9
214,214.0,-2232532106.3276763,5,SBO(KRG)-L-BFGS-B-PV,9
215,215.0,-2232532106.3276763,6,SBO(KRG)-L-BFGS-B-PV,9
216,216.0,-2232532106.3276763,7,SBO(KRG)-L-BFGS-B-PV,9
217,217.0,-2232532106.3276763,8,SBO(KRG)-L-BFGS-B-PV,9
218,218.0,-2232532106.3276763,9,SBO(KRG)-L-BFGS-B-PV,9
219,219.0,-2232532106.3276763,10,SBO(KRG)-L-BFGS-B-PV,9
